Decision Tree classifier:
	 Accuracy: 0.9341323205434184
	 Precision: 0.9340859139222993
	 Recall: 0.9341323205434184
	 F1-score: 0.9341061223110638
KNN Classifier:
	 Accuracy: 0.19404029741141912
	 Precision: 0.3017705392291994
	 Recall: 0.19404029741141912
	 F1-score: 0.2122282705791518
Neural network:
	 Accuracy: 0.9657035983109968
	 Precision: 0.9656817612862403
	 Recall: 0.9657035983109968
	 F1-score: 0.9656829790206155